325
2102
2686
3329
3439
4901
9537
11696
13214
13947
13956
14912
15304
16004
16612
19328
20395
21285
24681
26882
27961
29086
29440
29575
30787
31197
31389
31494
31850
32016
32112
32157
35241
35448
36042
36733
36825
37832
42032
42726
43322
43800
44482
44592
44676
44814
45318
47447
47740
48227
48237
48495
48648
49198
49492
50784
50825
50913
51320
51687
52794
52993
55566
58067
59116
60667
61860
61983
62264
62282
62432
63684
66326
69859
69885
71049
73188
73203
73249
73700
74058
76096
78379
79936
80656
80854
81593
83172
83697
83938
86110
87271
87860
88059
89149
90303
91593
92060
92910
94557
95545
95575
96490
98312
98740
99315
101425
105451
105452
106804
107068
108691
108737
108911
109761
110032
110510
113684
114444
114857
115208
117969
120165
122697
123156
124011
124196
124518
127747
128320
128406
128484
132215
132321
132965
133548
134838
136688
136966
137043
137756
137953
139751
140690
140835
141802
141824
143475
143735
144678
147578
148158
148624
149120
150313
150941
151294
151340
152279
155486
157077
157299
157933
158301
158370
159625
161123
161875
162142
162465
164317
165269
165601
166276
166647
167430
167977
168243
168792
169012
169467
169503
171337
172246
172356
172748
174813
176937
179121
179186
179640
179836
180244
181033
183056
183204
183865
184053
184597
186505
186537
187335
187386
188213
188905
190216
190710
191483
191943
192081
193552
194263
195369
195983
196279
197328
198519
200286
201533
203395
205220
205601
205665
209525
211430
211797
212285
213580
215408
215617
216363
216749
216800
218541
220584
223087
223555
223921
225676
225774
226799
228354
230105
231113
231621
231816
231943
233679
234240
235846
236142
236832
237807
238453
239453
240510
243149
243701
244019
244380
244539
245075
245177
246514
249463
251208
253702
253914
255465
255558
255670
255872
256426
257584
258262
258651
259993
262152
263274
263936
264224
266193
267847
269078
269102
269351
269678
271380
271449
271502
272753
276910
280680
283895
284773
284835
284990
285211
285326
286605
287569
288676
288765
291454
291517
291565
291568
297159
297321
299052
300917
302851
305360
305390
305612
306000
307289
309031
311197
312417
313525
315761
318925
319030
319372
319697
320242
320325
320409
322261
323046
323850
323925
324814
326395
328809
328925
328982
329743
329967
333558
334841
335680
336293
336750
337501
338733
339524
342669
342823
342864
343258
343339
343499
343517
343578
343681
344940
346006
349191
350259
350872
351103
353188
354707
356646
357848
359297
360384
361200
361222
361303
361316
362793
362960
363337
363486
366061
367686
369328
371218
371992
374203
374425
374865
374910
374999
376130
376154
377423
377582
377758
377852
378775
378858
378860
379203
380417
380526
381270
384456
385136
385251
385591
387479
388563
388787
389252
390177
391533
391581
392196
392282
396113
396858
398210
399232
399555
401935
402383
403858
409283
409565
411106
414715
415276
415703
416191
416736
417000
417142
418211
418702
419793
419957
421594
422745
424194
425254
425556
425656
425890
426929
429273
429941
430018
431748
432110
433158
434217
435721
436049
437656
438544
438746
439080
442129
442740
443497
443752
443837
446226
449288
450722
451866
453583
455031
455780
456045
456825
457264
457422
457665
458739
458911
459931
460037
460852
461978
463503
464495
466120
467849
471424
473109
473223
473678
473980
475050
477316
480984
481847
484282
486189
487174
487328
487425
487435
490287
490778
491125
491980
492818
493095
493524
493962
494302
494517
494799
496450
497308
498289
500183
500991
505964
506693
507169
507637
509988
512060
512465
513251
513344
514412
514834
515122
515319
515807
516909
519555
519801
520033
522494
522888
523697
525640
527453
527968
528220
529362
530184
530612
530896
531899
532966
533194
533284
533940
534412
537219
538719
539125
539199
539856
540153
540249
541006
541267
543460
544180
546673
546856
548177
548201
549481
550844
550991
552616
556000
556598
558128
558877
558900
559208
559740
560232
560885
562193
564361
564778
568474
568673
569950
570791
570882
570927
572263
573821
574445
574649
575807
576204
578564
578649
578936
580484
581482
581628
581648
589955
589977
592222
596779
597652
597937
598301
600421
600779
600902
601805
603715
604690
606545
607771
608019
608298
608496
610419
611329
617354
617745
618105
619766
620956
621215
626633
627330
627898
628543
630337
630829
631639
632708
633354
634675
635993
636613
638787
640895
641150
641223
642147
642250
642461
644965
645286
645966
646813
646994
650968
652395
652823
659551
659714
659748
660542
662351
662467
662518
662734
662948
664782
664870
666527
666780
667049
667971
668088
669021
669465
670261
670560
671016
674462
676858
677342
677707
679281
679587
680221
681809
682545
682962
685597
685622
687398
687901
688891
689151
689903
691007
691150
695535
696371
696664
697198
698874
699229
699496
701004
702492
702811
703636
703664
703824
707456
707484
707824
708081
708365
709562
710326
711114
711678
712208
713567
714732
716007
717658
717802
718232
718521
719284
722923
724823
725647
726014
727225
730248
732722
733785
734105
734703
736143
738687
738849
739044
739668
743687
743783
743953
745823
746286
746618
749084
750381
750788
751594
752922
753111
754202
754357
755476
755519
756387
758173
758689
760573
761652
761716
761968
762775
767018
768601
768977
769952
771064
772369
772751
772863
773369
773662
774894
775086
777579
777851
778180
781107
786976
787096
787948
791710
792485
792894
795628
795876
798096
798427
798862
798995
801241
801615
803421
804042
805332
805924
807588
807640
808083
808337
809825
811769
812669
814853
815052
815414
818488
819311
819746
820776
821242
822683
822939
824132
824958
825564
826751
827198
828853
830577
831152
832352
836461
836631
836993
837509
837807
839507
840038
840512
841272
844015
844094
844549
845103
845639
846103
846557
846981
849214
850675
852495
853895
854333
855246
855584
855634
856103
859064
859776
861109
861534
861703
863196
864137
865592
869139
869837
870946
871484
871635
872537
872631
873411
875444
876257
876455
877292
880089
881970
883199
884647
885340
885959
887819
888112
892954
893993
894333
894491
896586
897655
898339
898626
899967
902539
903366
903606
904063
904421
905655
905774
906106
906477
906558
906738
906755
906839
908186
908396
909064
909780
909931
910519
910861
911545
913531
914984
915180
918060
918126
919405
921677
921872
922608
923656
926595
926844
928676
929410
929984
930148
931028
933283
935517
935636
935732
936331
937007
937248
937332
938292
938329
940371
940724
940892
941084
941942
942485
942975
943358
944169
944316
945630
945843
948025
949737
950291
951425
952087
952207
952814
952890
953392
954201
954246
955151
957701
959434
959989
961783
961827
962111
964232
964594
965325
965429
965849
966401
967021
967881
971722
972040
972425
972451
973558
975020
975308
977297
977748
978147
978289
979130
981390
982374
984416
984908
985608
985714
985964
989856
991498
993548
995052
995250
995907
996315
997875
998674
999317
