315761
417142
821242
187335
814853
845103
256426
871635
31494
532966
530612
841272
991498
935732
601805
722923
319030
439080
539199
58067
44676
172748
618105
371992
124518
919405
977297
115208
664782
51687
808337
985964
527968
231816
32157
96490
929410
147578
4901
11696
937332
738687
884647
231113
434217
876257
15304
846981
283895
513344
852495
948025
975308
832352
726014
172356
937007
997875
525640
560232
319372
132965
775086
487174
973558
831152
94557
137953
981390
964232
500991
642250
574649
910519
263936
155486
353188
652395
180244
253702
632708
546673
86110
666527
190216
48648
710326
398210
809825
151294
871484
877292
223087
575807
426929
552616
442129
985714
530896
942485
309031
258651
300917
253914
840512
596779
589955
754357
513251
80656
36825
228354
45318
291454
777579
909064
850675
836461
549481
544180
133548
626633
13956
244539
972040
460037
435721
620956
627330
762775
941084
49198
913531
689151
63684
26882
343339
781107
467849
627898
918060
287569
399555
703636
92060
559740
107068
662351
703824
218541
174813
805924
380417
876455
418702
73249
631639
937248
493962
914984
418211
158301
3329
662467
302851
48227
318925
451866
171337
16612
446226
184597
708081
515807
31850
711678
31197
844015
165601
342864
755519
606545
564361
271449
460852
127747
396113
29575
995052
203395
667049
739668
574445
815414
106804
105451
926595
873411
619766
617745
349191
73188
581648
550844
959989
645966
885340
836631
421594
191483
323850
194263
902539
269678
959434
636613
374425
844549
659551
297159
940371
378858
157933
915180
385251
152279
849214
351103
110510
854333
320242
839507
376130
548201
443752
543460
137756
681809
369328
201533
319697
195369
42032
863196
568474
908186
677707
944169
771064
198519
522494
164317
379203
211430
429273
519555
844094
105452
652823
343258
251208
50825
244019
918126
746286
244380
617354
515122
570927
909931
989856
772863
746618
570791
409565
167977
570882
391533
497308
192081
223555
975020
540153
42726
88059
343681
132321
113684
872631
150941
288765
343578
837509
213580
880089
621215
527453
186537
419793
773662
99315
562193
16004
438544
311197
231943
179640
699496
458739
285326
642461
944316
505964
272753
659748
220584
961783
257584
328809
906558
143475
950291
128406
328982
471424
935517
826751
607771
137043
801615
430018
114857
938329
792894
892954
148624
965849
354707
455031
659714
402383
909780
285211
378775
798427
231621
401935
922608
635993
429941
32016
313525
286605
961827
819311
855246
666780
35448
69859
786976
157077
32112
438746
533284
361222
787096
687901
548177
931028
161123
225774
299052
930148
559208
677342
424194
458911
457264
516909
493095
761716
758689
628543
245177
158370
237807
377423
415276
305360
523697
48495
36733
284773
807588
128320
415703
52993
600902
305612
578936
473223
61983
329743
487425
76096
581628
343517
846557
124196
165269
124011
473109
791710
707456
966401
396858
162142
984416
466120
493524
276910
69885
965325
530184
143735
730248
464495
162465
29086
187386
128484
48237
297321
767018
573821
597652
73203
769952
496450
216363
662518
772369
682962
457422
195983
533194
392196
719284
442740
484282
691007
646813
109761
29440
44814
388787
150313
861109
945630
9537
717658
870946
90303
957701
750788
541006
234240
898626
374999
630829
384456
750381
514834
422745
209525
215617
923656
71049
487328
861703
696371
414715
869139
305390
798096
964594
698874
611329
995907
707824
819746
664870
89149
822683
338733
904063
846103
2102
949737
689903
887819
21285
701004
168792
979130
808083
761968
985608
223921
837807
455780
864137
556598
853895
836993
432110
865592
954201
380526
928676
62282
323925
477316
98312
702811
243149
92910
608496
758173
492818
95545
512060
709562
132215
306000
360384
461978
258262
324814
893993
108737
855584
13214
59116
534412
803421
122697
952890
716007
906738
827198
166647
95575
44482
576204
662734
159625
727225
955151
935636
190710
685597
824132
205665
509988
733785
717802
443497
682545
342823
388563
37832
638787
31389
718232
377758
795628
363337
881970
660542
320409
425890
47447
288676
149120
905774
167430
578649
600779
906477
346006
108911
363486
255872
211797
755476
43800
161875
80854
487435
240510
473980
667971
807640
971722
236142
335680
376154
417000
409283
760573
646994
824958
243701
328925
933283
734105
453583
645286
491980
713567
141824
35241
910861
938292
589977
141802
123156
676858
687398
512465
3439
280680
339524
342669
688891
756387
271380
387479
942975
680221
392282
818488
743687
669021
44592
945843
475050
875444
312417
977748
940724
752922
953392
703664
183865
172246
753111
333558
336293
30787
334841
284835
233679
830577
669465
13947
822939
650968
329967
431748
494799
200286
325
362960
473678
389252
191943
610419
965429
79936
500183
569950
507637
60667
356646
906839
592222
929984
539856
117969
903366
215408
695535
859776
463503
897655
641223
399232
952087
361303
558128
157299
921872
374865
972425
861534
855634
326395
546856
869837
249463
941942
52794
197328
896586
226799
359297
62432
795876
486189
644965
73700
291517
255465
670560
978289
641150
905655
711114
216749
183204
904421
269351
144678
374203
940892
580484
235846
558877
798995
362793
805332
255558
14912
378860
578564
998674
714732
344940
761652
151340
952207
205601
608298
894491
179121
81593
267847
140835
883199
898339
556000
840038
640895
777851
671016
83172
381270
416736
490778
541267
568673
972451
377582
608019
772751
708365
828853
999317
176937
993548
736143
888112
27961
531899
457665
732722
962111
269102
459931
134838
911545
419957
264224
357848
323046
19328
186505
238453
91593
425656
169503
47740
371218
343499
366061
246514
336750
284990
166276
539125
36042
515319
856103
136966
787948
906755
212285
995250
337501
266193
322261
738849
506693
291568
269078
416191
188213
798862
168243
597937
480984
634675
872537
558900
481847
390177
350872
140690
906106
255670
812669
181033
951425
98740
216800
894333
952814
668088
642147
630337
55566
385591
350259
491125
110032
436049
662948
885959
361316
600421
528220
450722
456045
83938
263274
61860
679281
377852
320325
411106
696664
743783
845639
2686
494517
718521
374910
307289
739044
540249
443837
699229
670261
183056
967881
792485
581482
522888
560885
20395
196279
725647
49492
205220
490287
519801
533940
954246
24681
520033
193552
66326
136688
674462
74058
926844
820776
498289
236832
403858
685622
982374
903606
225676
87271
50784
494302
184053
87860
598301
83697
538719
361200
50913
825564
604690
754202
291565
169467
78379
899967
743953
768977
449288
707484
108691
188905
425254
768601
815052
691150
514412
62264
572263
529362
778180
724823
271502
679587
564778
425556
996315
811769
749084
262152
179836
943358
433158
169012
978147
921677
697198
967021
537219
603715
259993
859064
391581
245075
179186
773369
804042
385136
230105
774894
507169
936331
148158
751594
120165
908396
456825
712208
437656
702492
139751
367686
114444
101425
51320
633354
745823
43322
801241
984908
550991
734703
239453
